797.3770697903634,1055.0348971849442
797.9130495385543,1050.0712795609613
798.4498543965981,1045.10002073445
798.9865547574276,1040.1297296389323
799.5233645905099,1035.1584247394317
800.0608465204009,1030.1808956652753
800.5970789305206,1025.2149381819856
801.1780321908951,1020.245511251068
802.0034668638247,1015.3234224586834
802.8310302397806,1010.3886401538357
803.6578655520345,1005.4581993121043
804.4861552821249,1000.5190857383368
805.3123433517128,995.5925044217465
806.5158614079955,990.7414273137111
807.7471231904264,985.8984523227316
808.9807221828223,981.0462842831492
810.2341034781217,976.2147479136586
812.1036346690137,971.5755681538386
813.970778294587,966.9423130583166
814.0760832074001,962.0635853178576
816.7270190338135,960.4587924613952
821.6708310908243,961.133840950571
826.576153182888,960.1688521342279
831.4941156208037,959.2434399667025
836.4682435267127,958.8091914889756
841.4472429596007,958.3745177199785
846.4287100958347,957.9396285169513
851.3871112108708,957.5972347019316
855.6979467327177,960.1445725997165
860.0034044205479,962.688732654058
864.5833998982489,964.5766113127098
869.3758377943814,965.9965421979352
874.1821452189863,967.4205824263111
879.1623163419844,967.5904
884.1506001182199,967.5904
888.7590601996422,965.8629057607651
893.279955787182,963.7007543424606
897.6169698492151,961.2727954967837
901.6660046372276,958.3407102250078
905.6546018147111,955.3310191087961
908.6676691603914,951.3538516284138
913.102338821888,950.9627548996926
918.0309173080298,951.8240566814227
922.9517300830232,952.6840013536196
927.6497289682666,954.1947166665101
931.9859610583007,956.6715873957455
936.334485900238,959.1473655507773
940.694333865095,961.6117866357617
944.8833008117592,964.3092589364835
948.8148342542621,967.3905009951893
952.7404130445847,970.494485117998
956.6451815801762,973.5938587476747
960.5715972503401,976.7179728347547
964.4771056794875,979.8315631478391
965.8028157409668,984.5624561767578
966.9302582535149,989.4480273382665
965.9341845887512,991.8938372399213
961.2416126631896,990.1440663439142
956.5586333403348,988.3978723471644
951.8706464967955,986.6498111411111
947.0793613105731,985.4961000000001
942.0862500157043,985.4961000000001
937.2869394515872,986.2857797236561
932.9120674655558,988.7232312985778
928.5459724121094,991.1557928222658
924.3657000000001,993.9044656250001
920.2549862189597,996.7428049274777
916.1460524494171,999.5799151790261
912.0285965820483,1002.4229097140562
907.9080033390045,1005.2680705241323
905.6647298808217,1009.6172206367016
907.8568366077228,1009.7653525014938
912.3217798473007,1007.4903638189797
916.7666864151761,1005.2255842699112
921.2369997629285,1002.947859396887
925.4310298722266,1000.2602967277766
929.6131195452317,997.5025408445206
933.8701431860924,994.9151369770052
938.4306450339437,992.8348659207822
943.0017192231178,990.8257448623659
946.728967728424,990.1926466850282
945.9887402400518,995.1274863184274
945.2450276309014,1000.0855600419046
944.5055638552546,1005.0153082677484
939.9750350510716,1003.9242070812109
935.2354712643249,1003.0093368210646
930.6418325275943,1005.0084218234272
926.1953137439876,1007.2501603792089
922.1016978421449,1010.1156915104987
917.7425551588848,1012.5613224925698
913.7182081130832,1015.2342170684385
911.6439243041991,1019.7777598571779
910.7265,1024.5819904660443
910.7265,1029.5907131193983
911.8538054796547,1027.7318063455552
913.4602671768636,1022.9889786708446
916.0162230473518,1018.7695741290095
919.5102357717767,1015.2983338417159
923.8382516541482,1012.7977064536096
928.3604884361029,1010.6909959058644
932.47425,1010.0066281250001
934.1862799552918,1014.6734838180544
931.8892742614746,1019.1153768920899
927.2354691315652,1020.879271544838
922.7100188842774,1019.9820143249513
920.9463314453126,1016.569658984375
925.0555413063229,1013.7133349857927
929.1575531700425,1010.8620143365398
933.2589730616273,1008.011105168879
938.1248452608645,1007.5591999999999
940.1659236885339,1009.5124771077991
937.8552949235768,1013.9328978269219
934.0322454976396,1017.0085527239577
929.8641050237337,1019.7777951474176
925.7042626711489,1022.5415244386447
921.5343722616093,1025.3119294899063
917.379560842182,1028.0723163137632
913.3421218811037,1031.0039781188966
910.608220916021,1035.0555769741745
908.8935303757548,1039.7483964163157
910.3181859391254,1043.989401641267
913.2942086669834,1048.0246973910394
916.2568463917946,1052.041843936036
919.8186517280581,1055.4357341552736
924.0322420679332,1058.0793999999999
929.0424167821856,1058.0794
934.038650817871,1058.0794
938.8506169080018,1059.4459055816055
942.7926881117313,1061.8915862325011
945.258981853509,1066.2486606107234
945.8013614461004,1070.6657036088613
943.6406124767302,1075.1836667814255
940.2675602853774,1078.7808993319509
936.5609196905225,1082.1345405564143
932.9730317115188,1085.5746967170955
931.0016346037864,1090.1746820215226
927.9245687716184,1093.0917000000002
922.9287284638556,1093.0917000000002
917.9337883847355,1093.0917000000002
912.9839713201881,1093.2172603675845
909.2497983995214,1096.5513180090907
905.5120395889328,1099.8885773137094
901.0322880680498,1100.4966794395657
896.1098016159058,1099.57374329834
893.4467253551735,1096.427105602648
892.5591887201905,1091.4964630291106
893.4831333272934,1086.6196778323176
893.893250378409,1081.747118690855
892.5105510353535,1076.9440638043814
891.1285713027422,1072.1435086142285
889.744968964504,1067.3373170115588
888.3596671005248,1062.5252218005182
885.0795255159825,1058.8467921302317
881.520801858878,1055.3284901182146
877.9692625850107,1051.817290885855
874.4094468826294,1048.2979092325213
869.5945872941305,1047.324008308427
864.6414340948462,1046.5752946985128
859.7125720464811,1046.0950193756314
854.8695484803533,1047.3238266806795
850.0237140755132,1048.5533471722515
846.0005739889144,1051.461220527554
842.0290721522365,1054.5197252312403
838.0740538787693,1057.5655357306466
834.8828461960942,1061.2445368334668
832.8070674003154,1065.7804640658214
831.4294,1070.4832791113495
833.5588424027204,1069.2201581750155
836.6064968497544,1065.2582550507038
839.6843792073666,1061.3075421985238
842.7699875924588,1057.3800533241033
846.9141524346546,1054.641616549194
851.1830125222207,1052.0468449058535
855.5010203771593,1053.1609911599162
857.2774887871861,1057.8045412922027
856.0662373840332,1062.6494627258303
852.1166230887414,1065.381323183346
847.7126375,1065.1281558593753
844.0592,1061.952901506424
845.3937224280431,1057.8371999818878
849.9965312667534,1055.8991895629606
854.6077724906921,1053.9576286923411
859.2225620262146,1052.0145738068584
864.1317040124302,1052.9457702905481
869.0302213594437,1053.8900418869976
871.2290587881566,1055.2388903075698
866.8107649574973,1057.5613467952367
862.3774832514846,1059.891681592877
857.9094136869595,1062.1400274615328
853.4113553977967,1064.2933666117672
848.8886834155084,1066.4584889861471
844.3216404085754,1068.4193513643388
839.3841027360842,1069.1855384465207
834.5265928798674,1069.2388057538244
829.9121449109246,1067.2910333505038
825.3321647070376,1065.334179983792
820.7462364912485,1063.31986798448
821.2408959308754,1060.5897604985976
824.8058198347268,1057.0824205154454
828.6662115956574,1053.989202244403
832.9736537275941,1051.420561553808
837.2594935729803,1048.8648028731263
841.5625504159689,1046.2987772453196
845.752286345291,1043.597656410504
849.8147739721119,1040.6887584168962
853.8909726748832,1037.7700427635227
856.8704641120911,1034.3811598400123
854.6629927778963,1032.5772416691923
850.3019356478184,1035.0000612889403
845.9211352651597,1037.4338494280823
841.5604637699545,1039.8737395732842
837.2403766681783,1042.4024898715543
832.9286370035231,1044.9263540220195
828.700573059474,1047.552474430286
825.2345588156581,1051.169123468674
821.7807085653542,1054.7730798600198
818.3182313019753,1058.386038198948
816.706959133327,1063.0784380707146
815.2879503443794,1067.8635598751373
813.8671788353788,1072.6546258500448
812.4428387710648,1077.457725557212
811.3309464360699,1082.1975026281411
814.1690882741586,1086.3073556488148
817.0069573756,1090.4168137253323
819.8575721044717,1094.5447284746951
822.6965737861274,1098.6558266166076
825.5360895969131,1102.7676692580126
828.3753673686059,1106.8791672000539
831.2154747517659,1110.9918664848713
834.062957506177,1115.1152458884228
837.0732599297463,1119.0811364657104
840.3588318456077,1122.8657615219824
843.636620634526,1126.6414212541042
846.9143401181809,1130.4170011540255
850.499845279336,1133.864064217305
854.3503164477646,1137.061328535371
858.1927649979499,1140.251931219075
862.0378753458261,1143.4447441441773
865.8906595901876,1146.643929140213
870.3889995022918,1148.7772133592282
874.9688733723026,1150.7940588033562
879.5445652916864,1152.8090626360536
884.1668291683942,1154.6422999999998
889.1617746145964,1154.6423
894.1569624828428,1154.6422999999998
899.1604544775009,1154.6530540275096
904.1344596679687,1155.1617398193355
909.111374498418,1155.6707231766973
913.9877430222541,1156.489704301512
918.5128832629424,1158.6306256308658
923.0414046861409,1160.7731466555592
927.5473243069678,1162.9049743805524
932.3581070424884,1164.2928024866485
937.1845335648268,1165.5943176225849
941.9975995298387,1166.892229892611
946.6267439032197,1165.0792241788383
951.215353783329,1163.1281513890315
955.8204730769678,1161.1700588114556
960.4285999991059,1159.2106873929497
964.3715798894257,1156.342154916401
967.795295024991,1152.6763608791707
971.2027345903869,1149.027993200652
974.6215692335347,1145.3674247383585
978.0362416846842,1141.711312762077
980.0253255940211,1137.1710667814787
981.8752889623379,1132.5246840819223
983.7268348196033,1127.874326790545
985.1552864504933,1123.1742943397087
984.7717785156249,1118.189068115234
984.387334379375,1113.1916721929383
984.4317724676608,1108.241884013998
985.6253634765625,1103.3930021972653
986.902609594631,1098.5530280578612
988.6987773983908,1093.9014457639332
990.4991662881134,1089.2389320143338
992.3030524001956,1084.5673614173884
993.5484278993603,1079.743315968395
994.5171846690338,1074.8424646541268
995.4876148569107,1069.9331476712223
995.3950030717626,1064.9542109843205
995.1361535327917,1059.9602219930243
994.8771811843699,1054.9638636366974
994.6186613911814,1049.9762364369403
993.5815976890639,1045.1313533449545
991.8914090147379,1040.4282336319097
989.9519540355379,1035.8375493057258
987.5835602236629,1031.4391590821742
985.2094771806007,1027.030203276705
983.3185609348296,1022.4264967238902
981.8412090045452,1017.6397404445706
980.3674978508473,1012.8647806166111
981.4994400953666,1008.1484761568083
984.2463229621053,1006.3000362868785
988.602656210053,1008.7574299613474
989.4222077267498,1013.6291935637382
990.120654983249,1018.5682535706701
990.8218341756822,1023.5266324243544
991.4964951727034,1028.481006530487
992.3823900162697,1033.359065469646
995.3441967791448,1037.3786650881505
998.3055221659556,1041.3976114097995
1001.2728619801377,1045.4247201781923
1004.2435422604203,1049.456362441623
1007.2314358568907,1053.465367533803
1010.2279439180705,1057.4509943912024
1013.2343517926604,1061.4497888962117
1016.2388425027848,1065.4460333990094
1019.2419944336981,1069.4404972043183
1022.2069865496635,1073.4801176744816
1024.6386868476868,1077.8315771523473
1026.1528137661696,1082.591309401166
1030.6125155761717,1084.038043115234
1032.7805086199762,1080.7201831887241
1031.49902195282,1076.5684284294125
1027.9333130990983,1073.0726903145785
1024.4709011848272,1069.4591125518452
1021.4053600801736,1065.526874119791
1018.3237866538844,1061.574070668662
1015.2499113953985,1057.6311418302876
1012.1793340299301,1053.6924432733636
1009.100657291723,1049.7433554691017
1006.030330386734,1045.8049781834602
1002.9535774957342,1041.858358141224
999.8745610766061,1037.9088346206152
996.8072040959298,1033.9742669235989
994.5245903615489,1029.7080221596286
994.0798407608986,1024.741968425274
993.3925209170833,1019.8261061638623
991.3308581611608,1015.2610138690798
989.2767073311686,1010.7125550586463
987.2179189074383,1006.1538273313494
985.1557517773509,1001.5876182124853
984.062356539607,996.7426919238447
983.2045839945805,991.8101141310057
982.350001845479,986.8958825491549
983.2413768919964,982.0332188606255
984.5305554772616,977.1988999648571
985.1821398114205,972.3437001498223
984.56086859442,967.3734748985621
981.8755179031373,963.9285360801697
977.4788936742784,962.7096063257218
975.0683931758642,966.4545770753383
976.9967293711152,971.0825517795407
978.917229451688,975.6917199392208
977.3009349984214,979.842092900939
974.2503803328395,983.8024444972248
971.200276171875,987.7622112304688
969.0018744405473,985.4899228819563
967.1336846484646,980.8600302974655
965.2616504084087,976.2206101043569
963.3902340338901,971.5827211534605
959.4728111623366,968.7952377392625
955.0419586006817,966.4956848991093
950.5980991175409,964.189381641778
946.1652181550894,961.8887760889136
941.7265934439421,959.585189607787
937.2826985597738,957.2788679777993
932.851613372038,954.9791944078412
928.4180301188968,952.6782243755617
923.9805632920329,950.3752388207931
919.5363677424705,948.0687611495125
915.0949920302303,945.7637469358475
910.8478724529745,945.6509943563939
906.870072698351,948.6676244223528
902.8820248967144,951.692026263827
898.9045788909912,954.7083880584718
894.9071767684356,957.7398839035338
890.9265165345706,960.758683261115
886.5824806503832,961.905975506534
881.7524805619717,960.5867596394271
876.9314051179468,959.2699813566405
872.1114029890537,957.9534962279589
867.2909261896193,956.6368814527143
862.4578174975552,955.3168165340155
857.6498520641803,954.0036189828545
852.8185618074476,952.6840507326235
847.8561332450996,952.9680964772938
842.880337841797,953.4151430175781
837.8856982925089,953.8638825957759
832.912894322732,954.3106603729982
827.9446345859874,954.7570298770721
822.9548060795173,955.2053372107998
817.9756396253242,955.6526866205784
812.9997297099113,956.0997434491157
809.1886185522691,953.6442156293363
805.8985861587331,949.8606773478181
802.621611438856,946.0921553950914
799.3484901156855,942.3280648497823
796.0651989274024,938.5522789564134
797.0983762644529,934.1260134556294
799.1150320930253,929.5428785027154
801.2892830112309,925.0616470891387
804.1349601638794,920.9512831344605
801.7257275105892,920.3317758862072
796.8390916815079,921.364722691131
791.9339604666233,922.4015790875077
787.0456281843908,923.4348844920742
782.6255193002194,925.6086506543681
778.4687267697561,928.3536898296403
774.2951881405857,931.1097876990011
770.110684034707,933.8731268879416
766.6787608477382,937.3933533806596
763.7336533476545,941.4356407946311
760.7872031270588,945.4797711505753
757.8471854856227,949.5150725134265
754.8985772288679,953.5621648673296
752.1180072952271,957.6499620994568
751.8722674745705,962.6525823364341
751.6272134675879,967.6412412001482
751.3815643272268,972.6420154234081
751.1367433768734,977.625929863496
750.8912871357107,982.6227771634286
750.645614601943,987.6240276152864
750.4005837640241,992.6122148174361
750.1552303883464,997.6069680450485
749.9095877323657,1002.6076102632746
751.0922793659738,1007.4524658354862
752.3676928268941,1012.2740054169219
753.646511565657,1017.108418221362
754.9252745452881,1021.9426202354431
756.2042983182287,1026.7778081457081
757.4822763271986,1031.6090426772996
758.7612389550304,1036.4439994362
760.0415223586483,1041.2839492212252
761.3203788744157,1046.1185048368616
762.5973678186893,1050.9460003342272
763.8475302210808,1055.79365525589
765.0823263698342,1060.6396322910691
766.3165038071228,1065.4831811833099
767.5508049081853,1070.3272153959886
768.7847525703187,1075.169862531994
770.0207878011629,1080.0207023644566
771.2551151489405,1084.8648395827845
771.4377112146258,1089.8351249693612
771.3893606018067,1094.8273962542535
771.3408145195409,1099.8398500445542
771.2925060637831,1104.827768551378
771.2440789209469,1109.8279416721277
771.1955789963553,1114.8356296152817
771.1471363230539,1119.8374062792086
771.0987556570606,1124.8327805981567
771.0503717193171,1129.8284927300815
771.0018453072548,1134.838915543203
772.6039831680529,1139.5375192840163
774.3732432549662,1144.2064273941457
776.1467854858876,1148.8866356726528
777.9174782401224,1153.5593244547845
779.692341537696,1158.2430189018057
781.4663915019453,1162.9245670399919
783.7197411319676,1167.341057800652
786.6490132144256,1171.3721646288427
789.5961026367187,1175.4277907226563
792.5314894184792,1179.4673122714391
795.4693495871935,1183.510237562434
798.4108266024157,1187.558140163233
802.0613192073822,1190.7843500162721
806.4797604408346,1193.1308662120075
810.8952388370045,1195.4758089239508
815.3046679442637,1197.8175390200297
819.7226052525899,1200.1637875945821
824.1475071507393,1202.5137348768808
828.5866694011389,1204.7668000832439
833.4457134755454,1205.9162485584125
838.3201305826836,1207.0693336560857
843.1873179162681,1208.2207084889292
848.0459429292572,1209.370057831532
852.9240250842572,1210.5240099276543
857.7785092010497,1211.6723797058105
862.7629706238417,1211.9587502477293
867.7639797834579,1212.2105965537326
872.7601667956023,1212.462200020743
877.7490461836189,1212.7134354824002
882.6804005736708,1212.3782003865301
883.4536307350755,1217.1733153180776
883.9797285839127,1222.13326557853
886.581880922699,1222.0532849559784
890.4420559700131,1218.8703603548108
892.9528614881491,1215.2723065563468
891.608027292335,1210.4693873697638
890.2587637812705,1205.6506493980357
888.9093267536998,1200.8312917322517
886.2959253666996,1196.5761871330142
883.8919455305577,1192.5325
888.8986915055044,1192.5325
893.9111066235431,1192.5325
898.5611080497742,1193.0942980217933
900.9492389564157,1197.4973560313508
903.3281718849182,1201.8834554934501
903.3724,1206.8794606617598
903.3724,1211.8816609825421
903.5972124999998,1210.7230375
903.9617664471805,1205.74059752298
904.3270960662247,1200.7475562658683
904.6922328658409,1195.7571503148158
903.3511971250445,1191.0915010220451
901.1867711887952,1186.5852062611693
899.0255930664063,1182.0856733886717
896.8590687427279,1177.5750098239855
895.059,1172.9798411595343
895.059,1167.9783464764394
895.059,1162.98865085791
896.6647522163391,1159.774227799988
901.6323793981635,1160.3175578506805
906.6065524886251,1160.8616038546322
911.5770928039551,1161.4052525268555
915.0827446048081,1162.7633765167477
912.9347338753564,1167.28723580199
910.7947245158199,1171.7942436483231
908.6467250726125,1176.3180791639538
906.5053932325303,1180.8278722458604
905.1159583595753,1185.4806014172557
905.6232100366415,1190.4579341359258
906.1303498779296,1195.4341694824218
906.6362315947106,1200.398059666628
907.1433719368822,1205.3742999279693
906.3276733512793,1209.2377026126874
901.3456691951196,1209.5632325508593
896.3604420177679,1209.8889730849796
891.3651375789052,1210.215372079072
886.3740481586523,1210.5414956589527
881.3889458952959,1210.8672280310475
876.3876317679134,1211.1940197051679
871.4114593205958,1211.519168592711
866.4085027890544,1211.8460675834267
861.428451019254,1212.1714699504064
856.4470840820312,1212.4969582519534
851.4574722200155,1212.8229852864627
849.2875773858383,1217.2169466668508
847.2434320940868,1221.77143283896
845.1879999651269,1226.3510668047213
843.1421966276332,1230.9092472085636
842.8180461374014,1235.5948326883288
844.1493004135132,1240.420586070252
845.4762792581557,1245.2308411523823
848.8024201116801,1248.3644250844243
853.3323101288837,1250.4737479940652
857.8722423414796,1252.5877470068176
862.4026786808189,1254.6973243089035
866.9392023742676,1256.8093954032902
871.5092939034582,1258.8504500869324
876.0660266220349,1260.8855385743182
880.625685355371,1262.9219338530654
885.196144868481,1264.9631528824973
889.7647855103494,1267.0035595834138
894.5362940064019,1268.3440968453328
899.464470963551,1269.208679806255
904.3873735219474,1270.072337444217
909.3175453276905,1270.9372703747365
914.2478880442857,1271.8022332892865
919.1647119983795,1272.6648245171436
924.0920960490347,1273.361494394565
929.0574761442883,1272.7865578262172
934.0264899219318,1272.211200517293
939.0054366417575,1271.6346930825814
943.9655489796306,1271.0603664627758
948.9291072794394,1270.4856408383644
953.9077810487391,1269.9091650083305
958.8686588964608,1269.334749750879
963.8309043638067,1268.7601761380708
968.7889379005433,1268.1860902206427
973.6230956872225,1266.8786033417286
978.4286979492188,1265.5312345458988
983.2425200762422,1264.1815611087275
988.0623046674591,1262.8302159480627
992.8883848282368,1261.4771056696218
997.7005822291922,1260.1278877643663
1002.5138360689164,1258.7783736605172
1007.3029812752724,1257.3569229950908
1012.0980088345846,1255.9184235486591
1016.8819500000002,1254.4832500000005
1021.6658911654156,1253.0480764513418
1026.460918724728,1251.60957700491
1031.1737190467836,1250.8204831771857
1035.4711667155268,1253.3528999818807
1039.3941512658432,1255.2737271739873
1039.0278033757916,1250.2758600868933
1038.663190463388,1245.3016622713299
1038.2967531657293,1240.302575449256
1037.9311214902284,1235.3144792526964
1037.5654970841767,1230.3264822289232
1037.2000933433535,1225.3414956100466
1039.6373033381778,1221.0247525652937
1042.1925683846357,1216.7285490944628
1044.7476855975615,1212.4325941782522
1047.3100149582497,1208.1245133754164
1049.8621217604386,1203.8336199056002
1052.2871497203257,1199.4653012316098
1054.3524660606365,1194.905431725232
1056.4145163912056,1190.3527730165124
1058.4745602481496,1185.8045442625269
1060.5414515323946,1181.2411975460584
1062.6020462223246,1176.691752645913
1064.1610847656252,1172.0030695312503
1064.5475584357907,1167.024485538254
1064.9342421116833,1162.043196235085
1065.3216769879496,1157.0522299100471
1065.7084715590408,1152.0695120462724
1066.0955870569235,1147.08265997851
1066.4828429446652,1142.0939993976262
1066.4896596042543,1137.1408530641531
1065.5018672289934,1132.2318106733421
1064.5171358016162,1127.3379803081486
1063.5299370326911,1122.4318879691282
1062.541356873152,1117.5189305183178
1061.5569908643458,1112.6269161777263
1059.251909096172,1108.2002221149605
1056.853894032627,1103.8260639795435
1054.4467228430224,1099.435204388034
1051.9618229321604,1097.956369781292
1049.316878429835,1102.1932258372983
1046.6709076119428,1106.4317259169584
1043.837320705003,1110.3480230356222
1038.8330576830572,1110.2228186441428
1033.835801168776,1110.0977895523076
1030.9489597662455,1107.4966040031798
1030.0201568232728,1102.591413386487
1029.0879890632657,1097.6684525106996
1028.1323070861822,1100.30438859253
1027.17242396036,1105.2038728318018
1026.2124718037594,1110.1037094214826
1025.249709989409,1115.0178872090567
1021.7262322291374,1118.1408841999926
1017.470428442881,1120.7492893023855
1013.1937233357922,1123.3705049370876
1010.7665463224133,1123.9089437738573
1012.836760847569,1119.362571388436
1014.9099247031216,1114.8097220151908
1016.9832453956208,1110.2565282142768
1018.3397997384076,1105.5456353599152
1018.3941777409914,1100.546835513628
1018.4485061602597,1095.5525937066188
1016.9288321503047,1091.257878084422
1013.1610054506059,1087.970955051367
1009.3919030426983,1084.6829191341408
1005.6215651231196,1081.3938053988263
1005.439013574118,1080.2425352658822
1010.118100088207,1081.9879014328237
1014.8049013721702,1083.7361453192264
1019.4956806878988,1085.485873068352
1024.1426363277678,1087.2886181638844
1028.6218437402729,1089.528221870137
1033.098072334734,1091.7663361673674
1037.5686782529056,1094.0016391264533
1042.2565598918322,1093.7224585770316
1047.0708272282932,1092.317081546489
1051.8707574553753,1090.9158897933307
1056.6633953261153,1089.516826818943
1061.4632752114871,1088.1156497614961
1065.6216925057981,1085.8232451787765
1068.4638485181101,1081.7239751249322
1071.3152594610217,1077.6113565920837
1074.0730449732932,1073.425084041334
1076.67849542162,1069.1616271538633
1079.287150806484,1064.8929258339908
1081.8944414856317,1060.6264576650074
1084.500166070557,1056.3625521911629
1087.1011504139592,1052.106403462561
1089.577799539185,1047.754914598847
1091.7814072280828,1043.2742563518902
1093.9863215123123,1038.7909413674495
1096.192700195313,1034.3046487792974
1098.4019392086034,1029.8125402001388
1094.282902196039,1027.0245064183698
1090.1276870555441,1024.2543679704218
1085.9730473601821,1021.4846131518728
1081.8139276956329,1018.711871692567
1077.6461218227792,1015.9333394381334
1073.4847524866482,1013.1590982004689
1069.877482505036,1009.8947172790533
1067.5016852319802,1005.4825450891398
1065.1276061751198,1001.0735638557096
1062.7584753949218,996.673772231564
1060.3868519519467,992.2693514004118
1058.0204508454967,987.8746291442357
1054.4195872303908,984.6378633910468
1050.1377090797212,982.057265262561
1045.8637693998169,979.4814514838577
1041.5799045855101,976.8996560348775
1037.300727668324,974.3206858831408
1033.010346319922,971.7349630557768
1028.735364635424,969.1585212827661
1024.4428718957183,966.57152596416
1019.9779080284123,964.512739809323
1015.0241259277349,963.7953030212409
1010.0733853193153,963.0783067205261
1005.132244373608,962.3627007012254
1000.1936623505956,961.6474652806393
996.348013397498,959.0112002302442
993.2789537807596,955.0776072574557
990.1970680475143,951.1275751378084
987.1252631189865,947.19046351745
984.0414755693525,943.2379938525879
980.9705209369663,939.3019720510489
977.8937557006143,935.3585028376696
974.8777003896454,931.388050237149
972.0443725463872,927.259492016602
969.2136548400374,923.13473713361
966.3817448672731,919.0082449503192
963.559180960349,914.8953713029305
960.728242506988,910.7702947604129
957.8952173083131,906.6421775357029
955.0683955744778,902.5230996340698
952.243252397657,898.4064676267153
949.4092161406861,894.2768771474896
945.9567501852458,891.0027942603191
941.1809708232221,889.4898545216814
936.4097209557701,887.9783497011615
931.6615969325546,886.4741710165628
926.8912539139135,884.9629534805881
922.120073790465,883.4514707545718
917.361783189301,881.9440713559032
912.5859460862008,880.4311133252208
907.8181200945262,878.9206931690732
902.935791106308,878.2213000000007
897.9258229349228,878.2213000000005
892.9183232571725,878.2213000000006
887.9248413048061,878.2213000000006
882.934694508994,878.2213000000006
877.9316384028364,878.2213000000006
872.9239337764998,878.2213000000006
867.9347660017853,878.2213000000006
863.0271993056489,878.900679007378
858.2392471826959,880.3179120052013
853.4419133799156,881.7379219786263
848.6422279577458,883.1586280309824
843.8475450919572,884.5778533275177
839.0482109279205,885.9984554075273
834.2596280094435,887.4158751207165
829.4742081681684,888.8323585636025
824.6693213855268,890.254604217756
819.8828036922457,891.6714126246454
815.0857049601489,893.0913530171888
810.2888871497589,894.5112102569555
805.5020243698597,895.928120809424
801.305835028328,898.6417256097479
797.1186188054085,901.3972281791091
792.9437012180313,904.1446373231414
788.7725746360421,906.8895517010734
784.598876037784,909.6361586587673
780.4574498161227,912.4364479871274
777.2972340061814,916.3023244233609
774.1290679677874,920.1779263349057
770.9634327521176,924.0504323034764
767.7980203084742,927.9226657561244
764.6338816803694,931.7933409564973
766.0751076977253,928.7194656144262
768.4151829586034,924.2855141219687
770.7490591941886,919.8633084814114
773.0807305316926,915.4452806599618
775.4137947620261,911.0246135989355
778.7144391686113,907.4009843500928
782.5873477707215,904.2352953923668
786.460439680304,901.069456600369
790.3362242003767,897.901416887004
794.2039269165039,894.7399831848145
798.6471038310582,892.4832852374828
803.1644352031385,890.3482207778162
807.6824063297273,888.2128539455757
812.2065478510291,886.0745707475944
816.7355238220828,883.9340026028166
821.2504936832281,881.800054283998
825.7781042456129,879.6601314838454
830.5919328820796,878.4862642848224
835.5241885744032,877.5849433001708
840.4467718842541,876.6853898478288
845.3640723754357,875.7868017783908
850.2792865691342,874.8885949592002
855.1962768450364,873.9900635785389
860.1446993209441,873.3556861635441
865.1292327812735,873.1693463762975
870.126021527143,872.9825484424023
875.1272894365053,872.7955830612667
880.1263175131983,872.6087014131318
885.131178937535,872.4216016934827
890.1140965325785,872.2353223130917
895.1069259717732,872.0486723923194
900.1046904728436,871.8618379811853
905.1091477351988,871.6747533705648
910.0784957372703,871.6672593533791
914.8112990584824,873.2831547271276
919.5498879615943,874.9051735774289
924.2733973342417,876.5279211181164
928.9950443964494,878.1625850942435
933.6340046764374,880.0228013385773
938.17803668437,882.1206403416159
942.717807941839,884.2113270756388
947.2608953031556,885.4877547069792
951.7905995790886,883.3971152581645
956.3278420975566,881.3029966093272
960.8704996116638,879.2063787237167
965.4108859570504,877.1108090731859
969.9469284062718,875.0172443042393
974.4930691639746,872.9190187625817
978.8888673234865,872.4261711685465
983.0139074687431,875.2663634373808
987.1363305717468,878.1047538078308
982.5511198027895,878.7873314637512
978.4444782925547,881.1671217074454
976.5817064761073,885.118604557319
977.9686368245681,889.9321377502898
980.0083882018805,894.3973814931333
983.1139426115265,898.317231937993
986.4275074006081,902.015781525755
990.5875281598852,904.7595475715079
994.8258306256473,907.4165730301561
999.0735371759885,910.0553071459465
1003.3194935477318,912.692954026562
1007.8642005594966,914.78589478169
1012.4454470569641,916.7809060310915
1015.0233738567218,920.6646082352147
1016.7140448791505,925.3609688537598
1019.805437248297,929.2831267809884
1023.2719065696717,931.7571429145813
1027.819323657894,929.710808780384
1025.7115567691167,926.2833846615757
1022.3337815583817,922.6013110365928
1018.9528164286255,918.9157601178408
1015.5742435387763,915.232816952097
1012.1994910087585,911.5540383163452
1008.9887341570276,907.7039473943612
1005.9195996258901,903.7673997649189
1002.8502353848219,899.8305575038553
999.7723592912107,895.8827977308318
996.6935955621004,891.9338994546295
994.1724036804151,887.6327240567823
991.7808903604965,883.240152309357
989.3873925406217,878.8439355651141
990.9168578150096,876.8788320157795
995.9017949607597,877.0601040035828
1000.9055908712968,877.2420617705003
1005.8598138183593,877.3829173095703
1006.95203811218,872.4966734415211
1008.0425590512275,867.6180498094083
1009.4172065358877,862.8313196530238
1011.7484061525345,858.4143118726612
1014.0805137603521,853.9955836887614
1017.4059363677859,850.3938596265913
1021.3301317857881,847.2957834147403
1025.573765196739,845.1274999999999
1030.1156132722972,845.8185878471016
1032.0125730458258,850.4425895218849
1030.6414355468748,854.96910390625
1027.2732759590388,858.456516252175
1023.1959577139869,860.5543281319827
1019.1299657422421,857.6500568026781
1016.3451056152343,853.8350309265137
1019.139606465727,850.2306210877701
1022.866321340177,846.9012877785399
1026.602790649414,843.5632401550292
1031.004514305782,841.5692868498802
1035.8920090282559,840.4347181311728
1040.8488242873639,840.1715
1042.616782778847,843.2400546442891
1042.3490790832518,848.23323051157
1039.0391484297127,851.6203769296408
1035.0736287989096,854.6545233508785
1031.097412213359,857.6968543557234
1027.1312667089678,860.7314796529431
1023.1587837733928,863.7709539222867
1019.1810931034724,866.8144127964229
1014.5193781624386,868.4592642727185
1009.7004635796263,869.7680735927046
1004.8262784825206,870.8821879763127
999.9463528259203,871.9976145053922
1000.5944077500591,868.0022298339044
1002.0861837346089,863.2400094602945
1003.7162070090784,858.5353558619352
1006.7679378907808,854.5776708023019
1009.8166573310493,850.6238911777259
1012.8734674928484,846.6596189740319
1016.9258344106553,843.8737698167268
1021.3333894444924,841.5162306883589
1025.748090460205,839.1548692749024
1030.4287792851105,837.5742950176328
1035.3148255411825,836.4668102159355
1038.9236571638928,834.9396038204312
1035.7002315398947,831.1057018637539
1032.4852612544987,827.2818565806255
1029.2669097506428,823.4539897187232
1026.0445044746698,819.621301351173
1022.8354389719696,815.8044791424295
1019.6095384942817,811.9676336258531
1015.3609442802788,810.8368145190061
1010.4053835136077,811.5170753524933
1005.4596793843702,812.2165056358717
1001.6546268112029,814.9658233373729
998.66767212365,818.9803170083762
995.7132905550333,823.0068966185293
992.7651792443557,827.0514862721668
989.8279794119835,831.0991062015057
986.9592366339982,835.1819586061567
984.1252655898936,839.3041031899836
981.2923264608191,843.424746804716
978.459903801489,847.5446391898394
977.8189754702331,852.4067795407653
977.5670289747616,857.3951247460136
977.3148499662132,862.3880735298499
979.3640505517722,861.335710671246
982.4862308366344,857.441374434388
985.6130325705766,853.541273803748
988.7467468585428,849.6325510542142
991.8684560827019,845.738802377522
996.5126466642058,844.0585052555008
1001.277722284911,842.5578942344425
1006.0619349349738,841.0512566065788
1010.8165392367815,839.5539431987786
1015.5961716402769,838.0487479758262
1020.3663086267356,836.5465430364684
1021.9896982127206,832.1516873291254
1023.100177981198,827.2656458070755
1024.2048532193305,822.4051438554764
1021.1151657132806,818.5468430748508
1017.8965625000003,814.711890625
1013.5926259358941,813.8653357977802
1008.6790526921782,814.7324449344203
1004.5429563295173,816.9201786875918
1001.4803313714878,820.8737119358182
998.4152719939971,824.8303877687268
995.3590640104936,828.7756373640445
992.2945001592637,832.7316735236092
989.2383829164097,836.6768059820986
986.1711952690553,840.6362291921045
983.1122053026793,844.5850700406554
980.0474974608495,848.5412920772478
977.5837126510992,852.8809645899951
975.257606443882,857.3116760723115
972.9369020045876,861.7320983962536
970.0127042593487,858.3595199425913
967.0409914170048,854.3374476685955
964.0715647329017,850.3184696012615
961.0987216950721,846.2948676613228
958.4726676522702,842.0530413976297
956.051294401288,837.6857543414712
953.627666263343,833.3144002796819
951.1964950469882,828.9294412155703
948.7764742738198,824.5645935432813
946.3527100397109,820.192994012928
943.9307941035006,815.8247281476696
941.5026309220794,811.445194497432
941.7090599723814,806.6640893212318
942.7067252043844,801.7555404350743
943.6991390441522,796.8728285879138
944.6965634917815,791.965464369548
945.690659366463,787.0744768500107
946.6882643137932,782.1662245666146
947.6828061275021,777.2730430109962
948.6792921149254,772.3702960506558
951.6761673972907,768.599277004777
955.3682945180348,765.2210442556778
959.0531949218749,761.849423828125
962.7399616229492,758.4760957707348
966.4320758681017,755.09787480258
970.1191614131502,751.7242550084427
973.8146777318001,748.3429212016107
977.5041962778425,744.9670752534521
981.2460781464144,741.6866353975237
985.7401453729719,739.4962434706562
990.2398191218937,737.3031189452973
994.7270927945137,735.1160381717682
999.2248549018334,732.9238453735333
1003.7143930503514,730.7356609027348
1008.215409769217,728.5418818187379
1012.7025589878117,726.3548617036455
1017.198670603831,724.1634733488329
1021.7066633326833,721.9662941830867
1026.1943041200109,719.779034479192
1030.6845560864406,717.5905020961548
1035.1747243703576,715.4020104996679
1039.5418555664778,712.9727699301839
1043.6754480799946,710.1593338975706
1047.815401942277,707.3415681571364
1051.9354199913616,704.5373712759953
1056.0793028350104,701.7169313634673
1060.207614574505,698.907089569973
1064.3395540071042,696.0947786694094
1068.4718648248675,693.2822149939537
1072.8263752367536,690.8243452786912
1077.18885696079,688.3678083449454
1081.5362981524154,685.9197408159346
1085.7815548047677,684.6491673487665
1089.593697598171,687.8846867004395
1093.415980337396,691.1288122331262
1097.2253479459546,694.3619761734844
1101.040559375,697.6001000000001
1104.8985374404908,700.7505675209046
1108.9873489398233,703.6484415942186
1113.0656282497912,706.538851161404
1117.1478568365096,709.4320597098351
1121.2391977097511,712.291718844223
1125.4200910921693,715.0344749475003
1129.5950475092156,717.7733362736285
1133.7821001916982,720.5201330104017
1137.9636285522092,723.2633056729835
1141.8448072812864,726.3620223859243
1145.2781459056614,729.9886394334317
1148.7210886618025,733.6254012734571
1152.1137891064623,736.4929724825735
1155.1017835298624,732.4805299482024
1158.0899191971237,728.46789774384
1161.0679556390835,724.4688273322462
1164.0592772430257,720.4519168776468
1167.045337034352,716.4420722731647
1170.8411538074893,715.1989392020562
1175.5181393382402,716.9685923075498
1180.1855011053085,718.7346040241242
1183.86151273118,722.1111000947466
1187.473631100441,725.5695097651604
1191.0836613386705,729.0259201620693
1194.6947936121346,732.4833856986285
1196.7220839892227,736.9447811060476
1198.3247495694595,741.6815363844112
1199.9300153704198,746.4259767403041
1201.5308906250002,751.157440625
1202.8659997023365,755.9568289708395
1203.573228202155,760.907532557949
1204.2791146554027,765.8488416215454
1204.9862918178346,770.7991858393934
1205.4196734508755,775.7763606691832
1205.522961769986,780.7818740012945
1205.626107030797,785.7804545046586
1204.1220327448364,789.8065048438808
1199.6493169190392,792.0674114290609
1195.1968683411956,794.3180731526971
1190.8798972416698,795.9937844990552
1187.9849073142775,791.9117653596647
1185.0898119104681,787.8295974954904
1182.1978160585152,783.7518000886637
1179.303041814648,779.6700850692531
1176.4123114494987,775.5940720352511
1173.521225033608,771.5175569594531
1170.6271608417023,767.4368431337497
1167.7346241250825,763.3582830921724
1164.8408635815517,759.2779974194187
1161.953240334697,755.2063655116604
1159.0627977499757,751.1307582563467
1156.1673518723928,747.0480962140614
1153.2762991674088,742.9716286716127
1155.559915777111,738.9412777692795
1158.537836231105,734.9170691031665
1161.5008916375443,730.9129482984036
1164.4842229963494,726.8814276135952
1169.0238848054407,724.9581792319417
1173.7175782716272,723.2567428740622
1178.1333026218413,722.5751118809702
1181.2993914459084,726.4589971396045
1184.451468543203,730.3256940178478
1187.6185990703104,734.210857148111
1190.2420960148863,738.3836048736329
1192.0316741881545,743.0525133631718
1193.807275390625,747.7292392578125
1195.535676690738,752.4160713988655
1196.7866798069304,757.2534955980894
1198.064745640075,762.0891302151264
1199.3594717664898,766.9289714589595
1198.3630933887016,770.9491018434662
1194.3382301714778,773.9240340567709
1189.9302945867075,774.0438339369401
1185.2470902781924,772.2791574845544
1182.3287478032348,771.9952951497615
1184.871527995935,776.3125199621387
1187.4051629003193,780.6142175709674
1189.9465303048235,784.9290437000953
1192.4806483075545,789.2315615308897
1195.0229442655561,793.5479641919613
1197.558111306786,797.852263118522
1200.0944563466192,802.1585620940108
1202.6346255277829,806.471353835916
1205.256992037302,810.7141811026291
1207.9793740724085,814.9053274569393
1210.710220382478,819.1095046844683
1213.4322447296104,823.300100372991
1216.112845549214,827.5031826489569
1217.2865857887373,832.3707378586562
1218.4598695905115,837.2364001998409
1219.629599662765,842.0873250598845
1220.803087554797,846.9538337728331
1221.5193,851.8709794391889
1221.5193,856.8573805274964
1221.5193,861.8715197566153
1220.817275739595,866.7621906627721
1219.3535083497911,871.536348357794
1217.8847876235009,876.3266616316796
1216.4223890935245,881.0963547152307
1214.9528144291355,885.8894531551017
1213.4888861588036,890.6641355707977
1212.022584537377,895.4465588013729
1209.847355270183,896.8918993883492
1206.5717846675277,893.121362171352
1203.3001462278369,889.3553513006315
1200.016899491513,885.5759780207951
1196.7297591770816,881.7921228100398
1193.4579912892566,878.0259629304693
1190.1768012254956,874.2489571039358
1186.8971794588406,870.473756557557
1183.6239172327564,866.70587653249
1180.3386608426208,862.924189923036
1177.0646865774665,859.1554902637316
1173.0661966012,856.7076896290779
1168.1211004641032,856.114226123969
1163.1421601072861,855.5167009568205
1158.25735937773,855.4516806010604
1153.7058850097226,857.5047929191069
1149.1492627074126,859.560227404977
1144.5909211280143,861.61643743492
1140.0315069721232,863.6731312905054
1135.4774828237373,865.7273937821176
1130.9246224357476,867.7811313161859
1126.8610880859376,870.6455351562499
1122.9709290871203,873.7876106523274
1119.069946963358,876.9384279699325
1117.0461943242071,881.0687882957101
1116.606703656006,886.0498505363464
1114.6720101657577,889.8966293500599
1110.0059748998829,891.7150113716183
1105.3412274199936,893.5328915352286
1100.695743559605,895.3432645503982
1096.0247443569742,897.1635810479814
1091.8908482180454,899.8646963234236
1087.962916474148,902.9869453235726
1084.0597375000002,906.08951875
1081.852093432764,910.1439950095313
1081.3371549427752,915.1217963759804
1080.8229940504893,920.0920808700575
1080.3080078387493,925.0703435525734
1079.79359951679,930.0430198969225
1079.2799935445237,935.0079400966507
1078.7661964619156,939.9747077195971
1078.4391487339137,944.5609998335123
1081.9356116190793,940.9997763854742
1085.4430122649312,937.4274125904321
1087.796683444977,933.1793160255432
1089.3342558688787,928.4128150633452
1090.8665198213027,923.6627704540416
1092.4064830835039,918.8888578519905
1095.0652023236394,915.0077289866805
1099.296799380314,912.3581328813368
1103.5430164726793,909.6993825041885
1107.7769296039821,907.0483361987826
1112.0398804459337,904.4406789949538
1116.5851218847515,902.3879789585473
1121.1476363371135,900.3274781669975
1123.8657247609858,896.2202041607244
1126.3783748432875,891.892852650702
1129.7649075195313,888.3573924316406
1133.728758795497,885.3082731313572
1137.7001689138415,882.2533393313408
1142.2892227569746,880.3140900610805
1146.9012051749044,878.3814571361647
1151.5126869037092,876.4490340230391
1156.2258882343046,874.8010828304779
1161.103333773494,873.6997320969489
1163.6547233392719,874.2945352220535
1161.123869338003,878.6144496602565
1158.5991290556642,882.923928592238
1156.0702211278028,887.2405212779391
1152.9475749054925,891.125991776851
1149.5203894186227,894.7508903863719
1146.08087888794,898.3888250671388
1142.645152649156,902.0227571415408
1139.218187262309,905.6474229535461
1135.0122695822674,908.2880992275163
1130.6224669556102,910.6851695157973
1126.2352688463238,913.0808175963535
1121.8506728667546,915.4750447729737
1117.4595036420606,917.872861297892
1113.03785737796,920.2038600786165
1108.5246683978135,922.3562973721479
1104.0055680613552,924.5115539191688
1099.500967193659,926.6598953563998
1094.9898603779811,928.8113396207289
1096.490623294862,930.8765321675971
1101.0661104337444,932.8951269590231
1105.6431937480281,934.9144259446153
1110.2595580506327,936.671055406952
1115.219440966797,936.0299785156249
1120.1793431000033,935.3888991404489
1125.1328130124803,934.7486511453958
1130.1005101129413,934.1065642518043
1134.829070006609,932.8262271594285
1139.2086529028418,930.3804204511881
1143.5747884877028,927.9421234819204
1147.0230720300676,924.5546194749118
1149.7129986294528,920.3275995921565
1152.3958195581288,916.1117457432163
1155.0816272878646,911.8911983582259
1156.8524537952544,907.2506397924662
1158.3782849894928,902.4915153292113
1159.904521610868,897.7311263235807
1161.43304973526,892.9635900344849
1162.6770562466058,888.1375609825421
1163.4770857716321,883.2038509644121
1164.2795967773436,878.254837878418
1166.795574345398,873.9531145500184
1169.5597262096642,869.9768837637066
1174.4772955635997,869.0465002256856
1179.3894755658002,868.1171363304541
1183.2205392601127,870.4093429704602
1186.5527293844907,874.1335541511384
1189.8817757793547,877.8542517530084
1193.2228802408267,881.588426012813
1196.5495786140932,885.3064993561745
1199.8880453795855,889.037725603863
1203.225453217203,892.7677683443441
1206.5565388893697,896.490745137691
1209.8889264978889,900.2151770358607
1209.5782816588105,904.6574308224975
1207.8846299311879,909.3598032714427
1206.1932968753067,914.0557379989025
1204.500926100504,918.7545539213484
1202.8050759747814,923.4630301556759
1201.1131193158092,928.1606962981283
1199.4174430287594,932.8686898746737
1197.7187631860795,937.5850227319659
1195.0507302804974,941.7511988318985
1191.9806102073644,945.6855027481804
1188.9053597167206,949.6263812026641
1185.8271297933413,953.5710777468639
1182.7479994265282,957.5169281932061
1179.6703598338786,961.4608682391433
1176.598358591913,965.3975828396102
1172.3130690640676,967.4839050786344
1167.4712916612878,968.7270560300742
1162.6217966131926,969.9721885261656
1157.7862206460568,971.2137472274916
1152.9325779921528,972.4599446424502
1148.0872551340126,973.7040059075698
1143.247349564012,974.9466762564318
1138.3804211867603,975.4555135839914
1133.4373858171737,974.6487502587148
1128.5006589397608,973.8430165558752
1123.5662823877183,973.0376664546427
1118.6365583081533,972.2330756933472
1113.7046855699289,971.428134244898
1108.7689884172312,970.6225686056212
1103.822896070918,969.8153063446654
1098.8963858779632,969.0112401286453
1093.9656737000316,968.206488097712
1089.024170993679,967.3999749216646
1084.100703235001,966.5964052678195
1079.158372025678,965.7897568700384
1074.8871298305792,963.2996033679883
1070.733734089696,960.5215957260115
1066.5671966299515,957.7347982172112
1062.416280279559,954.958448920877
1058.2657486936637,952.1823569751015
1054.1061207258435,949.4001808947819
1049.945094041687,946.6170692800434
1045.7902219290936,943.8380741636842
1041.6314694106659,941.0564836295666
1037.4792013870288,938.2792302636864
1033.3269460689578,935.501985395951
1029.9840082355456,932.5404897601932
1032.5675942467215,928.262410703213
1035.1522584305883,923.9825463338844
1037.7344591432557,919.706761149263
1040.3190906912332,915.4269508206802
1042.9034360175094,911.147614437637
1045.4917276556926,906.8617434804597
1048.072283397492,902.5886821515135
1050.6591816692742,898.3051184260651
1053.2484053873666,894.0177040669954
1055.8328212394636,889.7382509024569
1058.4157834981124,885.4612046977261
1061.002467839584,881.1779952127708
1063.5865870844352,876.8990331908689
1066.168234900525,872.624163530352
1068.75690380807,868.337667864669
1070.2894288985376,871.7329557916523
1071.5055050628666,876.5469873947145
1070.443931468827,881.4300400124819
1070.8414291587835,886.2332024993896
1072.4618184583119,890.9695871288479
1074.0806650887494,895.7014625492096
1079.0022140921897,895.44193529035
1083.98767871399,895.0699197303773
1086.426940351387,891.187934468624
1089.3986340757392,888.1847257257463
1094.4046156300908,888.3388789535524
1099.3914455383306,888.4722191406252
1104.3879345912746,888.5479830695153
1108.7454253595477,887.8675739706756
1109.3858312634354,882.9040651736498
1109.9125672060973,877.9506218929068
1109.8081620270734,872.9431537472174
1111.9137921975378,868.8093761331439
1115.688273073146,865.7225393071935
1120.4690623530719,864.2427915395722
1124.4508539857868,863.0311759049356
1124.317437495232,858.0322267744601
1124.1843381109243,853.0451592186749
1122.1498443197254,848.5833567289353
1119.4074750672821,844.6422055152893
1114.4045667778494,844.5763235954284
1109.404928778464,844.5104847411156
1104.5174156250002,843.688525
1099.6652611016277,842.4659213356019
1094.802360131436,841.2406098750697
1089.9575029656535,840.019844935322
1087.6499689331745,837.0490790548921
1087.9194352958684,832.3321765136719
1082.92032046343,832.2321154189111
1080.2791414062506,829.9058269165041
1080.47117177887,824.9169978548289
1076.5785956092839,823.4456701614381
1072.8588380244141,821.6771019426467
1072.3621837211613,816.7106365730288
1076.0861132818227,813.3841241930008
1079.8362591827636,810.0789418537856
1082.4017496832807,806.0408443642117
1083.6755824239156,801.2136909226224
1085.1159784763104,796.4536596148016
1088.0714055036551,792.4281389026643
1091.0390056670642,788.3860374355615
1093.9967643554694,784.3573408203126
1097.9999884077704,781.3961481836812
1102.0562846016621,778.4631226028846
1106.4686465492257,776.9385303949
1111.4412763977057,777.5352882779123
1112.7784236785956,781.5848139186978
1111.8797638372619,786.3722882304329
1109.3327901070306,790.6842244889618
1106.2108073544737,793.9004709837633
1101.2097997990618,793.6105555312158
1096.285774623204,793.2146676802637
1094.1587269541749,788.6945562550546
1097.0177820957192,785.34955437243
1100.940039873887,782.2677859670401
1104.86977877789,779.1801395448193
1108.8030422145948,776.0897238519032
1112.7404059831688,772.9960864754771
1117.2929030536004,771.1466657049791
1122.1089150000998,769.8332120507048
1123.3226019187891,771.4685083724722
1121.0654541560655,775.9290534805875
1118.8113718750008,780.383540625
1115.730010043903,784.219519163964
1111.9504660060243,787.4977052076557
1108.1745891613966,790.772710512715
1104.4064935824404,794.0409667400361
1100.3788357715575,796.9419905182083
1095.9406571023712,799.2592613849391
1091.507418764655,801.5739527957622
1087.0731711418034,803.8891711765914
1083.5422220089831,804.0002004581752
1081.9781539550672,799.2499497546503
1080.4155434617376,794.504125826663
1081.1096668148166,789.9863849454405
1083.6368784701297,785.6777149136984
1086.169815572937,781.3592835056246
1088.6994533760076,777.0464771087647
1092.6491916456794,774.3193955021607
1097.2175259706635,772.2788753769755
1101.7713231986793,770.2448484803535
1106.3479450183581,768.2006266121457
1110.902016419131,766.1664772518448
1115.5745422678956,764.3916451003075
1120.3660096711524,762.9541998842121
1122.921475710237,759.9514911528057
1122.6571481600693,754.9584230945402
1122.3922516976847,749.9546084553149
1122.1288263865054,744.9785834206394
1121.8639360002917,739.9748835584539
1121.5994620800027,734.9790506125452
1116.6428629499085,735.5833992068136
1111.6871904892676,736.211269526522
1106.7309995360827,736.8626573170378
1101.7838581077583,737.5525294953825
1096.8405468933113,738.3624117321017
1093.6702475041636,741.95472858606
1090.9414727486287,746.1511365324263
1086.9316850510386,748.8187875537562
1082.3344193806815,750.8109424010611
1077.7620604884066,752.7923042765767
1073.1720160016039,754.7813299343039
1068.576489701217,756.772731052204
1064.6153355170763,759.6028162637265
1061.3672966467425,763.4096640975067
1058.1229174169816,767.2122226677211
1054.872758484425,771.0215553099049
1051.6370719213821,774.8139256832452
1053.9035945600003,778.7941927466662
1056.9010829921733,782.7908439895631
1059.9075989654423,786.799531953922
1063.316580707557,788.3117979496495
1067.4675771497891,785.5107133861642
1071.6095947631914,782.7156877194244
1075.756426148485,779.917413728499
1079.8946203690598,777.1249680800216
1083.6008505517732,773.7938194749119
1087.0281123846073,770.1454528983925
1090.4411388270316,766.5122400875059
1093.866928908026,762.8654402107265
1097.1075713335704,759.0809429996461
1099.8834021691391,754.9171967462929
1102.6568690977404,750.756996353391
1105.4289766869256,746.5988349696131
1109.4094515301447,743.6848316020332
1113.6873429430402,741.091815050451
1118.365557505847,739.5772445478441
1123.2843598967386,738.6638056393522
1128.1758881467672,737.6087721930205
1133.0551827357497,736.5563773743153
1137.9516893097693,735.5002701739238
1142.8279335953125,734.4485332625196
1147.7133637823063,733.3948150821195
1152.610648855885,732.3385399703861
1152.0955869423597,728.6195848877204
1149.9611756303905,724.0882944576588
1147.8285278158671,719.5607478791477
1145.7017590194416,715.0456822776143
1143.5671412223426,710.5139534858894
1141.4364557385925,705.9905728760482
1139.3091877080556,701.4744474156493
1137.1809434948855,696.9562495491501
1135.0487075198807,692.4295772934368
1132.3753735888408,688.230719844215
1129.3669238977764,684.2399354309937
1126.3546517952757,680.2440804925702
1123.3471487363206,676.2545518107238
1120.3376697677515,672.2624020349258
1117.3212410259325,668.2610332095812
1114.322839275581,664.2835776432082
1111.308836706543,660.2854271972657
1107.8203027495083,656.6994941356269
1104.2294380708686,653.2226087498543
1100.64114609844,649.7482144088382
1097.054584900414,646.2754959049156
1093.4593400761237,642.7943694057172
1089.6129352770968,639.7674601281836
1084.7669340247435,638.5559663477496
1079.9169210113205,637.343469632456
1075.0594975677504,636.1291203196154
1070.1608362321615,635.1462890349269
1065.2115186063352,634.5463632186116
1060.2460734925478,633.9444825274811
1055.5228603404983,632.8174348531473
1051.859209632131,629.4218997711328
1048.1845327371786,626.0161454279628
1044.5166566656062,622.6166942059722
1040.850002673036,619.2183756280174
1037.1787012392479,615.8157497208565
1032.7926279242158,616.9491606549175
1028.2440501680971,619.0321616619021
1023.7018296088598,621.112251418774
1019.4855008652687,623.3802018159868
1020.1919919468328,628.3255731016095
1020.8986956700937,633.2724328591614
1021.6062853048851,638.2254939143069
1022.3136102739975,643.1767023345321
1023.8039913216259,643.0007525415393
1025.9521665574066,638.4965001618369
1028.1084725580251,633.9751993513266
1030.2571872884769,629.469815769609
1032.4097794381141,624.956302090168
1035.7379824826146,628.0897297979612
1038.923873692262,631.8265907713683
1038.562942648065,636.8196458150179
1038.2032573271752,641.7954677468539
1036.0982235035824,645.4378647533592
1031.3568500644683,647.0239479104042
1026.6202503629645,648.608434157837
1021.8779003271619,650.1948440057827
1017.1344464684807,651.7816231043047
1012.3902152287155,653.368662252169
1007.6468652800738,654.9554065907284
1002.9200502292335,656.536619679062
998.1708617154591,658.1253171330927
993.4228164134681,659.7136321601794
989.6118234748981,662.8915309420552
985.8712902222924,666.2064928653084
982.1247412149131,669.526786113447
978.3840292126357,672.8419064495027
974.6454649229411,676.1551234244727
970.8914874820232,679.4819999516965
967.1614420517027,682.7876672826588
963.8048924357236,686.5008413938001
960.5661506103515,690.3063250549317
957.3234021224432,694.1165164975537
954.0896240817547,697.916167769897
950.327763484703,695.8435695803389
946.4772370729555,692.6627254320166
942.6252349685279,689.4806622429907
938.7645264266837,686.2914068372265
935.0668323295941,683.6735254630996
933.3936789806799,688.3769719197526
931.7130192164356,693.1015198627751
930.0380377331185,697.8101054373001
928.361352190356,702.5234813392432
926.6870776358423,707.2300796471637
925.0133581847565,711.9351174888828
923.337653895752,716.6457349619493
921.6607121348181,721.3598311256972
919.9872421725111,726.0762942435905
918.3227609566883,730.7802458401964
916.6515130231421,735.5033207001562
914.9839361775169,740.2160207840473
913.3181939345242,744.9235361401677
911.6509138960546,749.6353974242681
909.9825081273219,754.3504401084463
908.9774609348298,759.254857851851
908.0749938339524,764.1643032667441
907.1709938271634,769.0820877312184
906.2684162574292,773.9921340996787
906.8448843539572,778.6792158723256
909.2302593037158,783.0684848322127
911.6248036220551,787.4746261185646
914.0076995122616,791.8593334227917
916.3965679530867,796.2550306684716
919.0439588378906,800.49064921875
922.0187210814556,804.4910742906947
925.0003364256874,808.5007153313397
927.9880881026593,812.5186084396574
930.9706833060851,816.5295671833545
934.0875208728671,820.4369533733249
937.2431238035546,824.3097334866867
940.4094181513614,828.195634866733
943.5654059072651,832.0688872649413
946.7264358114697,835.9483277457747
949.8870695474714,839.8272820208429
953.0421031863615,843.6993634588645
956.1938618059085,847.567425560467
959.3614827375056,851.4549550183908
962.5116860750744,855.3211083674515
965.6718612907409,859.1994999137879
969.1534246415868,862.7848250862038
972.8187911959648,866.1929708180546
975.3061582804262,869.3950132344069
970.7411865244544,871.4075897305794
966.1562961929582,873.4289478050579
961.5875463276323,875.4431899707006
957.0065823965763,877.4628169980524
952.4341169596837,879.4786972618928
947.8596150476633,881.4954753542842
943.3966367252739,880.6697447852596
939.0185001828193,878.2660667155267
934.6390380395907,875.8616608664111
930.2519969592094,873.4530940403938
925.4458412471877,872.1497157672604
920.5927402846041,870.9364464555289
915.7405044499881,869.7233934247323
910.8866676462187,868.5099401536033
905.934895979175,868.3554946370748
900.9387995067873,868.6474755748123
895.9647940100074,868.9381654758758
890.9641748413837,869.230410728183
885.9759737389904,869.5219302461808
880.9833648008664,869.8137073660918
875.9881710723897,870.1056355458381
871.0025897204175,870.3970019608706
866.0015847485411,870.6892697602195
861.0180616195817,870.9805158889667
856.0259096704551,871.272266301612
851.0250154607711,871.5645276278174
846.0511743414745,871.8552079223628
841.0474080290858,872.1476370994585
836.0578650047302,872.4392350418091
831.5952942085078,874.5921979644737
827.1829850125802,876.9420186502048
822.762514485799,879.2961857367005
818.3470978590965,881.647661316681
813.9383217548099,883.9956004180866
809.526400574234,886.3452144622477
805.1179496344396,888.6929803939555
800.6980125556765,891.0468633872174
796.2940242884565,893.3922526767038
791.868847212344,895.7489262844983
787.4629556310451,898.0953292034917
783.0521931058938,900.4443261937786
778.8354649722918,903.015148425077
776.1388679943695,907.2309850821273
773.4421955792977,911.4469396769719
770.7526839426056,915.6516991721288
768.058406403315,919.8639096386553
765.9732086432222,924.4061521148586
763.9519486060291,928.9849364366472
761.9328869085375,933.5587408334517
760.0723754730225,937.9373342193603
764.1189539483488,935.0192455962242
768.1821793258189,932.0891524769307
772.2353668205873,929.1662979251064
776.2902174028814,926.242244079405
780.9035594473153,924.3371562885866
785.5568012556123,922.5163192362826
790.219792639665,920.691667125679
794.8609944534301,918.8755413841249
799.855654224401,918.5114994603447
804.829956546539,918.1870693239853
809.6140128993272,917.9953035464764
807.0991557422802,922.314283978543
804.5790628515242,926.6422561862946
802.1040749186516,930.985926965332
799.9791457194672,935.5015053537369
798.7891236540794,940.1394296611786
799.7596626096129,945.0530226375103
800.7270420658884,949.9506198691331
802.537804454734,954.572308909468
804.7748027604395,959.0463055208792
807.0072783005896,963.5112566011794
809.2432657947684,967.9832315895368
809.743991894726,972.5737761680351
808.0833741088867,977.2838645996095
806.4242017845123,981.9898532007576
804.7561208938439,986.7211095880285
803.096099849135,991.4295054546312
801.44579765625,996.1439406250003
799.8483071916174,1000.8920573300409
798.2537632247756,1005.6314163518953
796.6607977316189,1010.3660837793784
795.8372648735697,1015.2470123135267
795.6536106108427,1020.2421831143739
795.4697948284414,1025.2417470523478
795.2858538804512,1030.2447153408966
795.2027319584236,1035.2244189273151
795.5354087265333,1040.2142583369096
795.8678237482592,1045.200171796313
796.6363462739168,1050.1146295349718
798.3544333580911,1054.7962444348454
800.0812081968658,1059.5015325942172
801.8033100450991,1064.1940873232843
803.524126323727,1068.8831390041782
805.245086489206,1073.5725827623032
806.9695068476531,1078.271455199047
808.694466719865,1082.9717977566615
810.4133068775653,1087.6554647063256
813.2677230645318,1091.711007175006
816.398325653112,1095.618862526262
819.5238934604263,1099.5204330820657
822.6497062271428,1103.4223094147553
825.7743794692259,1107.322763306458
828.903460585977,1111.228719441298
832.0260045875277,1115.1265154536393
835.1463197090733,1119.0215292090797
838.2794904561833,1122.9325903303977
841.4002409108099,1126.8281475015742
844.5290966138057,1130.7338222578855
847.6566102744622,1134.637821775265
850.7796883169283,1138.53628441794
853.9078006504589,1142.4410312441612
858.1475512530997,1142.4390985354498
862.8631830892308,1140.779828618513
867.5889208338247,1139.1170027772637
872.2931846741859,1137.4617328700929
877.0196226844116,1135.798660629265
881.7396162428021,1134.1378559711138
886.4547518512919,1132.4787606597497
891.1733206562818,1130.818457323699
895.882533327944,1129.1614460916778
900.5967541066835,1127.5026726776832
905.2028927064464,1125.596013371007
909.4653225114523,1122.991208135826
913.7349885819666,1120.3819807604239
917.9997498366342,1117.7757507575486
922.2803312586516,1115.2051534958662
926.6081095460892,1112.6718164775848
930.9151672110889,1110.15060862036
935.1979451222574,1107.5691710609096
939.448481485331,1104.9378755518676
943.7074375751852,1102.3013678090335
947.8875702311052,1099.571800980975
952.0119791604639,1096.743669181788
956.1392156188965,1093.913598529053
959.5137627657502,1090.255661547685
960.4652672943115,1089.5176276794434
957.5744499792993,1093.5987946939829
954.6755706979275,1097.6913433447842
951.7887587921142,1101.7668556457522
947.9936011390542,1104.9424899277851
943.9703319799328,1107.9120194840987
939.9389299628386,1110.8875518110876
935.6402876246891,1113.4214939391566
931.1970954030693,1115.694808812863
926.7358700777531,1117.9773501437667
922.2355006520629,1120.1172406008604
917.6946652890324,1122.206029049075
913.1492967120752,1124.29690277987
911.921561279297,1125.7742464355474
916.9082559114696,1126.0959609907723
921.8938123125331,1126.4176021134847
926.8904649996946,1126.739959108536
931.5580374201418,1125.5565712805274
935.9811552617357,1123.2396423089685
940.4152134646579,1120.9169825291815
944.6248704873641,1118.2421478654999
948.7433327183282,1115.3984531281915
952.8553786831975,1112.5591886614802
955.931621325302,1108.785396404171
958.2457457402787,1104.3676325826652
960.5644972343623,1099.9410354665683
962.2292674544334,1095.2333231934547
963.6021222811818,1090.4284159499048
965.8789567487939,1085.9886150671407
968.2214940696379,1081.58465969484
970.5736786934493,1077.1625674538732
968.0465591715348,1074.6758466409156
963.3159561135753,1073.05393067227
958.5824799972638,1071.431029658132
953.8467761743725,1069.807364861273
949.1092923319816,1068.7275295027735
944.2591599799512,1069.974685560596
939.4212505972861,1071.2186986216545
935.1264464976865,1073.7845135894713
930.8390862710362,1076.3621802074654
926.561116488836,1078.9342010588553
922.2641185307458,1081.517662118485
917.975933977104,1084.0958243421794
913.7017997311732,1086.6655391746485
909.4156917454475,1089.2424529145405
905.1347682466363,1091.8162496131429
900.8392682440855,1094.3988100649897
896.5574273048295,1096.973158351395
892.2662608515573,1099.5531133666277
889.6494068862913,1103.1496025863646
889.2750301485686,1108.1415933905928
888.9019251296995,1113.1166269210814
888.1581201170666,1118.0646760153038
887.4102146064399,1123.0005572566627
887.9488897454424,1127.1547571583171
883.6994427031001,1129.7606429387536
879.4321291923062,1132.3774849625831
875.1680652030797,1134.992334284313
870.9066342315211,1137.6055689622474
866.6412181739196,1140.2212474120302
862.3887369100556,1142.8289938662526
858.1108950012431,1145.452292213085
853.4030323427202,1145.8252505959272
849.4039679540106,1143.4886213985617
846.3652769153658,1139.5118128693334
843.3276010747996,1135.5363329544086
840.2914961461794,1131.5629089299796
837.2609734870255,1127.596790556748
834.2236154880967,1123.6217266088688
831.1857493539334,1119.6459976521064
828.1485380066279,1115.6711256307574
825.1208848349519,1111.7087626252587
822.0788762124616,1107.7276122937328
819.0486416422905,1103.7618709495277
816.0146205533122,1099.7911740964876
812.9703567935313,1095.8070724121926
809.9422239267261,1091.8440816180648
806.8965672606104,1087.8581570035271
804.4950005370149,1083.5243098557166
802.5796355709878,1078.9101412550474
800.6625331636847,1074.2917871089994
798.8499517028807,1069.6450516540526
798.3482293258594,1064.6726239316642
797.8461760525345,1059.6969167901634
#
